Average Population Fitness
Copy and Paste contents below into a spreadsheet program for to see a graph
============================================================================
1.81
2.025
2.005
2.36
2.825
2.72
3.095
3.18
3.255
3.44
3.705
3.915
3.365
3.3
3.985
4.4
3.75
4.125
4.635
4.4
4.43
4.245
4.665
4.61
4.82
4.45
5.07
4.815
4.71
4.28
4.87
5.1
4.25
4.68
4.91
5.02
5.29
5
5
5.01
4.675
5.225
5.155
5.035
5.77
5.82
5.87
6.285
6.63
6.09
6.88
6.16
6.87
7.015
6.785
6.66
7.225
7.52
7.035
6.305
6.89
6.925
7.155
6.41
6.69
6.94
6.61
7.17
7.055
6.88
6.935
7.205
7.16
6.87
6.79
7.31
6.885
6.68
6.93
7.21
7.035
7.245
6.65
7
7.27
6.43
7.135
7.165
6.285
7.035
6.97
7.51
7.025
7.385
7.27
7.7
7.46
7.545
7.535
7.165
7.45
7.025
7.43
7.82
7.305
7.22
7.265
7.22
7.43
6.57
7.84
7.53
7.655
8.45
7.705
7.975
8.005
8.525
8.43
9.03
8.37
7.685
8.065
8.605
7.99
8.655
8.705
8.55
8.135
7.68
8.38
7.94
8.57
8.905
9.01
9.41
10.1
9.765
8.96
9.515
9.055
9.255
10.01
9.13
11.675
11.155
11.99
12.69
14.88
14.985
16.665
17.515
15.08
16.78
15.965
19.14
17.685
17.055
17.875
17.085
17.12
18.105
18.095
17.1
17.73
18.01
19.165
19.45
20
20.28
19.055
17.62
19.4
18.95
20.28
20.86
21.065
20.985
21.035
21.055
20.67
21.63
19.9
20.84
20.79
21.075
22.525
21.975
21.015
21.53
23.975
24.29
26.025
27.445
27.56
26.45
26.47
29.175
27.11
28.035
26.685
28.735
27.485
26.03
26.885
26.545
29.17
28.055
27.355
26.125
28.04
28.025
27.11
28.3
26.7
27.81
27.64
27.36
25.47
27.535
28.695
28.375
27.93
27.43
27.295
27.425
27.695
26.62
28.095
25.625
26.76
27.65
28.675
28.895
28.82
28.55
29.065
26.745
28.225
27.84
26.415
28.06
28.41
28.845
26.895
28.71
28.53
27.725
27.805
28.54
28.105
28.67
28.465
27.665
29.02
29.76
31.68
32.975
33.77
33.315
32.29
33.375
32.885
32.59
32.34
34.045
32.52
33.03
33.525
33.155
31.05
33.42
32.08
33.345
33.235
32.47
32.945
33.94
33.04
31.215
32.86
33.24
32.9
32.51
32.805
33.395
33.555
30.82
33.3
33.26
32.48
32.805
33.325
32.745
32.935
33.265
33.385
32.62
31.705
33.25
32.165
33.475
33.275
32.66
33.24
32.09
31.83
32.915
32.965
34.27
33.18
32.185
32.885
33.045
32.455
32.37
31.585
33.105
31.735
31.965
34.275
32.295
32.445
33.325
32.59
30.71
33.305
32.405
32.91
31.91
32.28
32.135
31.44
33.315
32.725
31.79
33.63
33.08
32.7
31.52
33.315
33.245
33.255
32.485
32.415
33.87
32.63
32.47
32.835
34.44
33.66
32.5
31.965
34.4
32.195
31.95
32.655
32.35
33.205
33.06
33.33
32.49
33.115
33.395
33.415
33.665
31.56
31.805
33.905
32.495
32.005
32.295
33.255
33.035
32.13
31.075
32.535
32.94
34.63
31.97
33.19
31.795
32.63
32.56
33
32.295
32.56
33.43
32.74
33.18
33.45
32.295
32.36
32.93
31.945
32.42
32.325
33.86
32.745
32.705
32.69
33.82
33.06
33.625
32.835
33.145
32.71
32.725
31.41
34.395
32.65
32.845
32.07
32.65
33.145
32.445
33.38
32.85
32.98
33.675
33.715
33.195
31.7
31.795
32.96
33.185
33.12
33.27
34.335
33.275
33.285
31.73
34.525
33.425
32.76
32.765
33.8
33.08
33.23
31.46
32.235
34.235
31.115
32.48
33.085
33.22
32.855
33.69
33.58
32.765
33.46
32.405
32.945
33.985
33.745
32.335
32.55
32.815
33.05
32.315
32.39
33.13
33.45
32.09
32.92
32.52
34.15
33.495
32.28
32.13
33.38
33.04
32.685
32.465
33.2
32.375
32.995
32.675
33.005
34.115
32.38
33.865
33.24
34.5
33.1
33.44
32.83
33.545
32.93
33.35
32.615
33.735
33.68
32.7
32.795
33.54
32.49
33.165
32.81
31.84
33.535
31.76
32.995
33.695
32.98
32.155
33.72
32.735
34.13
32.77
33.445
33.36
34.095
34.01
35.475
34.435
32.795
33.84
32.735
33.27
33.185
32.89
33.435
32.815
31.98
32.81
34.135
32.32
33.53
32.965
31.92
33.24
34.44
32.565
33.39
33.845
32.935
33.645
33.965
32.78
32.81
33.215
32.605
34.44
32.605
33.56
32.315
31.3
33.04
33.245
34.1
33.66
33.57
33.535
34.185
32.895
34.09
31.085
33.76
35.22
32.235
33.44
33.55
33.06
33.47
33.405
33.645
33.665
33.95
33.965
33.85
35.365
33.61
33.61
33.91
33.23
32.57
33.475
32.315
33.125
34.2
34.185
34.325
33.525
33.4
32.98
34.155
34.26
31.97
33.2
33.025
32.73
34.125
34.07
34.625
33.835
33.59
33.17
33.465
33.34
34.135
34.185
34.035
33.82
34.27
33.465
33.79
33.39
33.735
34.335
35.11
35.075
33.485
33.685
33.5
33.3
33.335
33.115
33.315
33.405
33.77
33.32
33.945
33.76
33.17
31.14
33.135
31.605
32.875
32.98
33.95
33.44
33.815
33.865
33.43
33.36
33.095
34.635
33.525
33.575
32.43
34.385
33.41
32.94
32.545
33.98
34.64
32.54
33.62
33.375
33.66
32.83
33.61
33.655
33.555
33.52
33.675
33.735
33.65
32.92
32.38
33.23
32.835
34.28
33.62
33.245
33.07
32.85
33.275
33.87
33.03
33.895
34.6
34.375
33.855
32.95
33.85
33.45
33.89
33.255
31.515
31.62
33.395
33.43
33.845
33.92
32.185
33.02
32.425
33.89
32.985
31.615
33.33
33.345
34.09
34.215
34.24
33.5
32.78
32.3
33.4
34.165
34.14
32.955
33.44
34.025
33.1
32.845
31.44
33.725
33.505
34.185
32.75
33.895
33.445
33.455
33.53
34.07
32.985
34.62
33.62
33.245
32.56
32.43
33.01
32.69
34.66
34.165
34.7
33.395
34.86
34.04
34.13
33.84
33.535
34.025
33.345
32.185
34.985
33.58
33.02
34.05
33.49
32.375
33.875
32.92
32.81
33.195
33.345
33.205
34.47
34.61
34.575
32.48
32.615
32.77
33.005
33.07
32.255
33.425
33.885
34.5
34.485
34.445
33.85
33.775
33.165
34.005
34.22
33.355
34.185
33.405
32.43
32.25
33.7
33.435
32.91
35.31
32.785
32.205
33.525
34.18
33.85
30.41
33.71
33.645
32.85
32.905
31.825
33.81
32.92
32.655
33.47
33.675
32.765
32.295
33.68
33.57
33.705
34.125
33.785
33.04
34.825
33.66
33.715
34.01
34.395
34.955
34.34
33.79
32.9
33.97
33.69
33.895
34.43
34.035
33.72
33.525
34.55
32.92
34.095
32.705
33.935
33.76
31.23
32.655
33.63
34.72
32.88
34.125
33.385
32.88
33.73
34.155
33.105
32.725
33.605
35.085
33.61
33.55
34.75
32.745
33.715
33.98
34.345
33.975
32.74
32.275
33.43
32.95
33.355
34.305
32.81
32.79
33.295
33.935
33.45
33.025
32
33.285
34.895
30.975
33.68
32.43
34.3
33.41
33.765
34.245
34.405
32.265
35.26
33.035
33.885
32.06
32.425
31.71
32.295
32.29
33.295
33.665
33.73
32.83
33.99
33.455
34.345
33.69
33.26
34.81
33.595
33.02
32.175
32.635
33.26
33.995
33.57
32.17
32.37
34.515
34.785
32.865
34.575
33.985
33.575
34.42
33.565
32.415
33.565
32.655
31.695
33.175
33.265
33.855
33.035
32.81
34.12
33.17
34.07
34.165
33.4
33.82
34.055
33.805
33.485
33.69
34.695
33.085
34.82
33.68
32.93
33.99
34.42
34.09
34.175
33.97
33.985
34.28
35.17
34.09
31.22
32.425
34.265
32.66
34.485
31.755
33.38
33.82
34.54
33.93
32.43
33.435
33.34
31.96
31.14
33.035
33.2
32.975
33.605
34.21
33.255
33.85
32.25
32.495
33.3
33.41
33.595
33.545
34.285
33.61
32.795
34.45
33.03
34.3
33.765
33.555
33.48
32.275
34.4
33.315
32.835
32.385
33.135
33.345
32.855
33.565
34.355
34.125
33.41
34.25
32.02
33.56
34.575
34.66
33.865
33.855
32.91
33.74
33.805
33.955
33.675
34.38
